2.75
3.2
3.25
3.2
4.8
4.3
6.3
4.1
3.05
3.7
3.6
3.2
5.05
4.5
3.85
7.0
4.15
4.05
3.85
4.0
4.5
4.55
3.75
4.4
4.2
5.35
4.5
4.75
5.7
4.75
4.4
5.1
2.7
3.3
6.8
3.0
4.3
6.3
7.0
5.9
3.35
4.65
5.1
7.2
6.05
6.2
4.8
4.6
3.9
3.75
5.4
5.6
4.8
4.3
6.0
4.8
5.75
5.55
5.6
4.35
5.05
5.8
4.45
4.0
4.9
5.5
4.5
3.4
5.25
3.15
4.25
3.65
4.15
3.65
4.2
4.7
4.8
3.15
4.9
4.75
4.0
4.5
7.35
4.35
5.2
3.9
5.5
5.15
5.45
6.5
3.2
5.4
4.8
4.7
5.15
4.05
6.4
6.35
3.7
4.35
6.3
5.8
4.8
3.5
3.7
4.85
4.9
4.25
5.4
4.3
4.8
6.0
5.7
2.8
5.55
3.65
6.0
5.3
6.65
6.45
6.65
3.65
5.6
5.4
4.7
5.35
5.8
4.55
6.45
5.05
6.8
4.8
5.65
5.15
7.6
4.85
5.45
5.85
5.6
7.05
3.55
4.45
6.1
5.85
4.65
5.45
6.55
3.3
5.4
5.3
5.5
4.45
4.95
3.9
4.7
3.6
3.45
4.4
6.0
5.05
6.65
5.4
4.55
5.85
5.95
5.6
5.7
5.7
4.25
5.35
5.05
5.35
6.0
3.25
7.95
5.6
5.8
5.0
6.55
3.65
5.1
7.4
5.65
6.05
3.7
5.8
5.95
4.15
4.95
5.6
3.8
4.5
5.85
8.45
5.0
3.15
5.5
6.25
4.95
4.8
4.8
3.95
6.35
5.5
6.1
3.25
6.0
8.35
4.5
4.5
5.15
6.5
7.5
6.4
3.9
5.75
5.5
5.4
5.3
4.0
5.7
6.2
6.35
6.1
4.75
3.95
4.8
4.6
5.45
4.9
5.65
3.55
7.25
4.85
5.05
6.8
7.35
4.3
4.0
5.05
5.15
5.25
5.95
4.8
5.2
6.9
5.6
5.6
7.2
7.9
4.05
7.0
4.6
7.25
4.75
4.15
7.1
4.75
6.1
5.95
3.85
6.05
3.05
5.25
5.8
7.65
4.55
8.0
6.3
4.55
6.3
6.05
5.7
4.75
7.5
5.65
3.95
4.05
5.05
4.2
5.1
5.0
4.95
5.4
3.65
5.6
6.6
4.15
4.55
3.6
8.2
5.25
5.7
4.35
4.7
5.25
6.4
4.75
5.15
6.05
4.5
6.35
6.45
6.35
2.95
3.9
4.75
2.35
2.25
2.7
1.4
3.45
3.05
4.0
4.45
2.25
2.85
3.25
4.35
4.0
3.4
1.95
4.9
4.0
3.4
3.75
2.5
1.25
3.4
3.05
1.2
1.3
4.65
3.4
4.55
4.1
1.65
4.2
3.7
4.9
3.35
3.45
6.6
1.7
4.7
4.45
5.05
3.2
1.85
4.45
3.2
2.5
5.85
3.5
2.6
3.85
5.45
3.35
3.1
3.95
4.6
3.75
3.4
2.25
4.7
4.65
3.05
5.4
2.2
3.15
2.85
2.0
4.45
3.15
3.8
3.9
4.15
2.5
2.95
2.7
3.55
3.3
3.15
3.35
4.95
2.65
3.8
4.4
5.95
2.3
3.55
2.4
4.2
4.1
3.65
4.85
3.75
5.7
1.85
3.9
3.15
4.0
4.95
4.2
4.45
4.6
2.7
4.5
3.9
4.35
3.3
4.2
3.5
3.55
3.55
2.8
1.1
2.9
3.05
5.05
3.35
4.25
4.6
5.55
3.95
4.2
3.5
3.0
4.6
5.3
2.85
3.5
4.15
2.8
3.05
3.05
4.0
3.75
2.35
3.6
3.6
5.45
4.55
3.05
3.0
3.65
5.55
3.75
4.6
4.5
5.35
2.5
5.15
4.3
3.9
3.8
4.05
4.8
3.85
4.95
3.8
3.1
5.4
3.7
3.95
4.25
3.6
3.5
4.3
4.2
3.25
4.6
3.9
3.3
3.3
3.55
6.9
3.05
4.2
5.35
6.3
4.4
4.7
3.3
2.6
4.2
3.7
4.3
2.7
2.85
4.05
2.9
4.45
4.3
3.5
3.15
2.55
2.7
4.7
3.15
3.35
3.45
4.0
4.7
3.7
2.95
5.65
3.9
3.65
3.35
4.75
1.3
4.85
4.35
3.9
3.6
4.05
3.45
4.35
3.85
3.85
4.25
5.5
4.0
3.6
3.75
5.0
5.85
5.75
4.45
4.0
3.7
5.5
3.5
3.55
4.6
4.1
4.6
4.8
5.05
3.55
5.55
0.95
5.15
7.05
4.6
6.1
3.2
5.55
3.15
3.45
4.55
7.45
3.1
2.4
3.7
3.05
5.35
5.35
4.65
4.15
4.7
3.3
6.25
2.6
3.3
5.15
5.6
5.4
5.2
3.45
1.4
3.1
4.15
5.95
4.9
4.45
5.15
2.55
3.4
4.3
3.6
3.7
4.15
4.0
2.9
5.1
5.7
6.9
5.5
3.6
3.9
3.8
6.05
3.1
4.8
4.35
4.3
3.5
5.9
5.1
5.05
4.45
4.8
6.95
4.05
5.2
3.75
4.0
3.8
4.85
4.9
5.25
5.1
4.85
7.3
4.65
4.0
5.4
5.2
4.0
4.55
5.25
5.55
3.6
4.65
4.6
5.7
2.3
3.7
6.4
4.55
5.1
6.9
4.8
5.9
5.75
4.4
5.0
3.8
3.95
4.9
5.5
5.15
4.3
6.25
5.6
3.75
2.95
2.95
6.55
5.55
3.25
4.2
3.65
4.9
4.4
4.0
4.1
4.3
4.55
4.45
5.0
4.75
3.0
7.05
3.55
5.5
5.65
2.7
5.95
6.05
4.9
3.15
2.85
2.8
4.2
2.8
3.8
2.7
5.5
4.6
2.45
5.25
4.75
6.1
3.35
4.6
4.85
2.95
4.9
6.5
5.55
3.95
3.75
4.0
5.35
6.7
4.85
3.7
3.05
5.55
4.8
4.65
6.25
4.9
4.0
4.4
4.7
5.4
6.3
3.65
7.1
5.85
4.2
4.15
6.0
6.1
4.0
3.65
3.8
4.85
2.05
3.55
5.2
3.35
3.15
5.05
3.65
5.25
6.1
3.3
4.0
4.65
3.0
3.6
3.5
2.0
4.85
3.7
5.25
2.55
5.35
3.85
6.15
4.25
3.55
4.4
3.2
4.65
5.2
5.5
4.9
5.45
3.95
4.5
3.9
3.9
5.05
5.75
6.05
6.55
4.6
6.0
2.65
5.8
5.05
5.0
4.55
5.3
6.1
5.55
4.6
4.9
5.85
3.8
5.8
5.8
5.3
3.9
4.55
6.85
7.2
6.2
6.45
5.2
6.55
5.3
4.5
6.25
3.85
4.8
5.4
3.45
4.9
4.7
7.4
4.3
4.0
4.45
5.65
3.2
3.9
2.4
4.2
4.55
4.1
7.4
3.7
5.75
5.55
5.45
3.6
3.9
5.75
2.65
6.15
6.25
3.8
4.65
4.95
5.35
6.3
3.85
3.55
4.0
5.5
7.35
4.85
5.9
4.25
3.85
4.9
4.05
5.35
4.95
4.35
6.1
4.0
2.9
5.25
2.55
5.75
5.7
2.4
5.75
3.35
5.95
5.3
4.1
5.8
6.5
4.3
5.75
5.1
4.45
4.45
4.75
4.5
6.1
4.95
2.8
5.4
3.45
3.65
3.35
5.95
4.75
5.55
3.45
4.4
5.25
6.3
5.15
4.6
5.35
5.3
4.65
6.5
6.45
6.8
5.55
5.4
3.95
4.5
5.6
2.95
2.75
4.55
3.8
4.7
3.05
3.1
2.55
5.2
5.35
5.65
3.15
2.9
2.85
2.55
3.15
2.4
5.5
3.6
4.35
3.4
3.05
5.05
2.95
4.0
1.1
4.45
3.3
4.45
2.85
1.05
3.7
2.8
3.3
5.1
3.05
1.7
4.2
4.15
3.6
1.6
4.3
0.85
4.35
4.5
2.2
3.5
5.2
4.25
3.15
3.95
2.95
1.45
0.9
5.45
3.85
3.85
3.0
3.9
4.35
4.15
4.75
3.25
4.35
5.1
3.65
2.6
5.6
4.6
2.35
4.95
2.8
4.95
4.05
2.65
2.45
3.85
4.75
2.5
4.55
2.3
4.25
4.5
3.15
3.75
3.85
4.55
2.6
3.45
3.95
2.95
3.5
3.25
3.0
3.75
3.6
3.95
1.65
2.65
4.1
3.2
2.45
3.9
2.25
4.2
4.3
2.8
2.9
1.95
3.65
5.5
2.1
3.95
3.25
5.85
5.05
3.2
5.1
5.85
4.6
3.4
4.35
4.5
