0.25
3.0
2.1
3.05
5.3
3.7
2.45
2.7
3.25
2.15
2.5
2.25
3.35
2.0
2.9
1.75
1.35
2.05
1.45
1.85
3.15
2.9
3.1
3.65
3.85
4.1
5.35
2.35
4.3
4.0
5.15
4.45
4.05
2.95
3.0
2.2
4.75
2.2
3.15
5.35
3.6
4.3
3.5
4.75
4.2
3.4
3.35
4.85
2.7
1.55
2.2
1.35
4.95
3.5
3.05
3.5
3.55
3.6
2.45
3.55
6.1
5.15
4.3
3.75
2.9
1.9
3.0
2.4
3.15
3.95
2.75
3.8
2.05
2.95
2.2
4.9
2.15
2.15
3.2
4.2
4.5
4.3
3.6
2.2
5.55
3.85
3.7
3.3
4.5
3.75
3.25
3.15
3.65
3.85
2.3
2.25
3.0
2.55
3.75
4.45
4.8
3.0
2.6
5.25
2.95
3.55
3.45
5.15
2.0
3.15
3.15
3.9
3.65
3.65
3.35
2.95
3.55
0.95
3.05
5.3
3.25
2.9
1.6
3.7
4.0
3.8
3.05
2.8
1.85
3.45
3.6
2.85
2.45
3.75
2.05
2.9
4.35
3.65
5.5
3.2
4.5
2.3
4.6
4.2
2.8
3.3
3.85
3.3
3.05
2.55
3.35
3.4
3.5
3.75
3.75
3.65
2.2
2.8
4.05
3.55
5.2
4.85
2.0
2.65
3.05
3.55
3.55
5.35
4.6
4.1
2.4
3.8
4.2
3.3
2.95
3.5
3.65
3.35
3.35
3.35
2.05
5.15
4.1
2.45
2.3
5.3
3.0
2.95
3.0
3.35
2.95
5.15
2.7
4.05
3.05
3.95
2.3
5.15
2.75
3.85
2.9
2.7
5.7
1.85
2.05
3.3
3.2
4.15
2.7
4.15
4.05
1.65
3.55
3.0
3.3
3.55
2.85
3.45
3.35
1.75
2.9
2.6
2.0
4.4
3.65
3.3
3.85
4.4
4.7
3.0
3.9
3.25
4.0
1.2
3.7
2.0
3.1
2.75
3.4
4.4
4.5
3.65
3.95
4.1
2.95
3.1
3.6
5.45
2.95
4.1
3.6
3.1
3.85
2.25
2.45
2.95
5.0
4.65
3.1
4.5
3.2
5.2
4.55
2.95
5.1
5.2
3.4
2.15
4.5
3.1
3.6
3.15
4.3
3.1
4.7
3.5
5.05
4.15
2.6
4.45
3.05
3.4
2.55
3.7
3.6
3.45
4.0
3.95
4.1
3.75
1.4
4.3
5.55
4.25
3.9
3.2
3.6
2.0
5.8
3.1
3.5
3.25
4.1
3.15
2.85
3.2
2.4
5.15
4.6
4.1
2.95
2.95
4.75
4.1
2.8
1.35
3.05
5.3
2.3
5.25
3.5
4.05
4.55
4.6
6.3
4.9
4.5
3.3
2.8
3.45
3.8
4.45
5.3
2.5
3.5
4.6
2.65
3.8
4.05
3.1
2.05
4.9
2.75
3.0
3.7
3.25
4.2
4.3
2.85
3.25
3.35
4.65
3.2
4.1
3.7
4.15
2.7
4.7
2.85
2.75
2.3
3.75
3.1
3.95
3.45
2.3
3.2
2.8
3.65
3.45
3.35
4.1
3.15
3.6
3.8
3.75
4.0
4.05
3.6
4.1
4.5
3.5
3.8
2.15
3.3
2.45
5.15
5.7
1.95
3.15
4.75
3.6
3.6
3.5
2.85
3.2
3.0
3.65
1.7
3.3
3.05
3.05
5.2
3.0
4.2
3.5
4.6
4.8
3.9
3.4
2.55
3.6
4.1
2.7
4.5
4.0
3.0
2.9
3.85
3.85
3.9
3.6
1.7
4.15
3.75
4.1
2.7
3.55
2.6
2.55
4.2
3.7
3.0
4.05
2.15
3.2
3.4
2.85
4.3
3.7
2.5
1.75
3.15
1.75
5.1
3.2
2.5
3.35
3.8
5.35
4.15
4.9
5.3
3.25
5.65
4.3
4.5
4.5
4.25
5.75
5.0
3.85
3.3
3.9
2.0
3.75
3.85
3.15
3.2
5.55
2.55
4.3
3.0
2.75
3.3
2.1
1.7
3.7
4.25
4.95
4.45
4.1
5.0
2.75
3.55
1.9
2.4
2.95
5.8
4.35
3.6
3.9
3.4
3.3
2.4
3.45
2.8
3.0
3.35
2.4
3.85
4.5
3.6
5.5
3.0
4.25
3.35
2.75
2.7
4.15
3.8
3.1
2.4
3.15
2.85
3.4
2.15
2.5
3.4
3.15
3.3
3.4
3.3
5.0
4.55
4.15
4.0
5.65
4.3
3.85
4.4
4.2
3.85
5.0
3.0
4.2
2.95
3.9
3.35
4.35
3.5
2.95
2.8
3.75
3.7
3.55
2.7
4.5
4.35
2.9
3.35
3.75
4.2
3.9
3.7
3.5
4.5
4.3
4.75
3.7
4.35
3.05
2.85
3.35
1.85
3.15
4.25
2.95
2.1
3.85
4.45
4.15
3.8
4.4
3.8
4.05
3.3
4.35
2.75
3.55
5.05
5.5
4.95
2.0
2.6
2.4
2.0
2.15
1.95
3.2
2.1
2.6
1.8
3.15
2.55
3.7
2.0
4.4
3.05
3.9
3.5
4.7
4.4
4.6
1.75
4.1
4.3
3.75
5.1
2.5
3.65
3.65
3.35
2.6
3.15
3.25
2.45
2.15
4.9
4.6
3.85
1.5
2.8
2.1
3.15
1.85
5.9
2.9
3.65
2.25
3.65
3.0
4.6
3.25
2.25
3.45
5.0
2.2
3.25
2.85
2.2
1.95
3.5
3.3
3.2
3.7
4.2
3.6
3.55
3.75
4.6
2.5
2.45
2.6
3.95
4.25
4.3
3.1
3.9
3.8
3.15
3.2
2.9
2.7
3.35
1.7
4.3
3.85
4.9
3.6
4.8
2.8
2.7
3.65
2.15
3.0
2.95
3.6
3.1
5.2
3.05
4.75
4.65
4.05
2.95
3.2
2.7
2.35
3.8
2.65
3.75
2.75
4.2
3.55
3.95
4.25
5.0
2.6
4.3
3.95
4.1
3.3
3.7
3.85
1.5
3.4
2.5
2.7
2.45
3.15
4.8
3.2
3.65
2.15
3.25
3.15
4.4
4.0
2.4
2.75
3.05
3.9
3.5
1.7
4.25
5.0
3.25
5.3
3.35
4.45
2.65
3.85
2.55
2.85
2.75
2.5
2.35
4.5
3.95
3.5
3.95
3.5
3.7
5.3
2.0
2.55
4.35
3.95
4.45
2.0
6.3
3.9
3.9
2.5
5.25
2.95
3.55
5.2
2.7
4.7
4.65
4.0
2.65
4.8
3.4
4.5
1.95
3.9
1.8
4.05
3.65
5.65
3.05
2.35
3.95
1.95
2.8
2.75
4.35
3.6
2.65
3.75
4.1
5.2
3.15
4.95
4.0
3.95
4.45
2.55
3.5
4.4
3.95
2.85
4.1
4.0
2.95
4.25
2.55
3.4
3.15
4.95
3.85
4.85
2.75
2.85
2.3
4.15
3.45
1.8
2.95
4.1
4.2
3.4
2.65
4.3
2.7
4.45
2.0
3.45
2.8
3.9
3.2
4.8
5.55
4.9
2.95
2.9
3.3
2.9
3.15
3.4
3.4
3.1
3.05
2.85
2.95
2.4
3.35
5.0
3.3
4.9
3.8
3.25
3.05
6.45
3.7
3.1
2.9
3.45
4.05
2.45
3.5
1.85
3.25
1.5
2.85
3.55
2.8
1.65
4.15
3.3
2.7
4.8
4.15
3.2
2.8
2.85
2.85
4.4
3.35
4.8
2.65
2.45
3.15
5.2
3.6
2.25
2.15
2.75
4.6
2.45
3.5
3.65
4.6
5.65
3.3
3.3
3.3
2.05
4.3
4.15
3.05
3.4
5.0
2.3
4.85
4.8
4.35
3.3
2.75
2.55
3.3
2.7
3.6
2.3
3.5
2.1
3.9
4.15
2.9
3.1
3.75
3.15
4.1
3.45
5.4
2.7
3.4
2.05
3.55
2.85
3.05
2.55
3.25
2.75
4.05
4.2
5.1
2.55
3.3
3.55
3.3
2.2
3.55
3.9
3.35
1.85
4.95
4.95
3.1
3.55
4.65
2.4
2.5
5.45
3.55
5.15
3.8
3.7
3.5
4.25
3.5
3.05
4.75
2.9
3.75
4.45
4.0
3.9
3.35
3.3
3.9
3.35
6.45
3.45
4.35
4.5
3.75
3.45
2.75
3.85
2.8
2.15
3.05
3.95
1.65
3.55
4.35
4.9
2.65
3.65
4.15
2.15
4.0
1.6
2.2
4.05
3.1
5.1
2.25
2.95
3.25
3.75
3.2
3.75
3.95
4.6
3.4
2.55
2.9
3.05
3.05
2.9
4.25
3.0
5.3
1.8
2.7
5.8
3.4
4.1
3.85
3.0
3.5
1.6
3.35
3.85
3.9
2.55
4.6
3.25
4.15
3.8
4.6
2.7
3.0
5.65
2.6
4.0
3.15
4.1
3.4
3.4
3.75
3.05
4.55
4.0
3.2
4.1
3.8
3.65
3.9
2.3
3.1
3.1
4.1
2.85
3.2
5.15
2.9
4.25
5.65
2.2
2.9
2.2
4.5
2.9
3.7
4.3
2.55
3.55
3.65
2.85
4.05
4.0
2.1
2.75
4.95
3.3
1.75
2.65
3.0
3.5
3.8
4.35
6.0
4.0
3.1
2.7
1.65
2.9
3.2
2.85
4.75
4.55
3.1
2.7
2.55
3.8
3.35
4.65
2.0
4.15
4.1
3.45
3.25
2.35
2.2
1.65
3.25
4.4
4.6
3.55
3.3
4.5
3.45
2.35
2.85
3.85
3.55
2.15
2.8
3.9
2.4
2.8
3.1
3.95
3.9
3.9
2.6
3.05
3.6
2.0
3.7
3.35
5.05
5.4
3.4
6.25
2.7
4.45
3.55
2.25
3.95
4.6
4.95
5.0
4.65
3.1
3.35
3.25
5.2
5.95
2.5
4.1
2.65
5.7
2.8
3.8
2.25
6.0
3.25
4.15
6.45
4.1
3.45
1.25
2.05
5.25
3.2
2.7
3.25
3.5
3.65
4.35
4.15
3.85
2.45
4.6
5.45
2.8
3.05
3.55
3.6
4.9
2.55
3.15
5.5
3.95
5.25
3.4
3.15
2.95
3.55
3.5
3.25
4.0
3.3
3.05
3.05
3.4
3.3
3.65
2.4
2.25
4.2
3.85
3.8
6.05
5.0
2.7
5.6
3.9
2.55
3.15
4.1
2.95
3.45
3.25
4.95
4.8
5.2
3.9
4.2
3.65
3.0
2.95
3.05
2.15
5.45
2.3
3.3
4.0
2.55
4.35
3.45
3.25
3.35
2.4
2.05
5.2
4.65
2.6
3.15
2.5
4.85
3.85
2.55
3.25
5.05
3.05
3.25
3.3
3.2
3.85
2.9
3.1
2.9
3.4
2.95
4.45
3.95
4.6
4.75
2.35
3.3
3.15
4.55
4.65
2.85
3.7
4.95
2.4
2.45
3.2
2.85
2.45
4.35
4.05
3.05
3.8
2.9
1.35
4.6
3.95
4.15
2.95
2.7
2.95
2.85
4.0
2.25
3.35
4.15
3.75
5.45
2.8
4.2
2.6
