2.434
2.04
2.34
3.394
3.366
3.524
3.674
2.372
3.598
3.492
3.54
3.52
3.84
3.468
3.532
3.888
4.032
3.928
3.274
3.746
3.624
3.356
3.604
3.444
3.412
3.636
3.224
3.496
3.952
2.922
3.446
3.826
3.042
3.728
3.702
3.526
3.604
3.63
3.452
3.434
3.574
3.116
3.354
3.35
3.22
3.16
3.516
3.61
3.574
3.59
3.626
3.414
3.292
3.76
3.424
3.402
3.816
3.54
3.406
3.754
3.176
3.632
3.676
3.75
3.602
3.718
3.16
3.664
3.538
3.706
3.776
3.506
3.424
3.724
3.634
3.642
3.566
3.522
3.836
3.572
3.514
3.732
3.742
3.386
3.716
3.674
3.638
3.666
3.268
3.578
3.502
3.62
3.27
3.524
3.328
3.46
3.392
3.494
3.506
3.282
3.256
3.556
3.518
3.524
3.552
3.476
3.398
3.806
3.754
3.654
3.244
3.94
4.064
3.752
3.88
3.382
3.72
3.82
3.354
3.868
3.544
3.876
3.376
3.562
3.93
3.352
3.608
3.512
3.21
3.454
3.532
3.89
3.662
3.224
3.714
3.428
3.302
3.168
3.68
3.528
3.674
3.396
3.67
3.502
3.5
3.528
3.472
3.172
3.562
3.786
3.596
3.514
3.434
3.906
3.34
3.856
3.472
3.754
3.682
3.284
3.328
3.7
3.58
3.766
3.17
3.35
3.434
3.184
4.082
3.468
3.698
3.596
3.606
3.27
3.37
3.714
3.616
3.496
3.47
3.536
3.5
3.594
3.604
3.64
3.832
3.37
3.69
3.352
2.998
3.34
3.566
3.686
3.718
3.788
3.626
3.7
3.462
3.814
3.76
3.418
3.602
3.476
3.36
3.572
3.342
3.634
3.418
3.77
3.68
3.476
3.396
3.492
3.376
3.942
3.748
3.844
3.624
3.414
3.56
3.564
3.594
3.318
3.62
3.302
3.546
3.404
3.192
3.902
3.61
3.754
3.732
3.566
3.58
4.018
4.024
3.582
3.25
3.296
3.254
3.634
3.41
3.608
3.596
3.318
3.91
3.64
3.856
3.15
3.716
3.158
3.542
3.658
3.332
3.23
3.47
3.798
3.806
3.372
3.35
3.342
3.68
3.356
3.52
3.852
3.648
3.516
3.47
3.82
3.616
3.682
3.7
3.382
3.424
3.722
3.266
3.698
3.782
3.754
3.564
3.19
3.242
3.702
3.548
3.768
3.93
3.68
3.866
3.7
3.488
3.648
3.644
3.556
3.55
3.914
3.98
3.75
3.624
3.55
3.648
3.77
3.69
3.452
3.256
3.636
4.026
3.458
3.628
3.786
3.624
3.6
3.642
3.564
3.364
3.708
3.518
3.194
4.004
2.952
3.716
3.658
3.44
3.934
3.63
3.552
3.79
3.704
3.542
3.35
2.958
3.524
3.566
3.384
3.408
3.044
3.778
3.662
3.89
3.332
3.67
3.672
3.938
3.43
3.576
3.244
3.704
3.522
3.248
3.402
3.476
3.596
3.326
3.558
3.198
3.564
3.596
3.328
3.466
3.372
4.064
3.53
3.626
3.422
3.388
3.65
3.616
3.502
3.346
3.36
3.632
3.6
3.418
3.726
3.476
3.826
3.784
3.38
3.308
3.436
3.364
3.774
3.5
3.536
3.364
3.492
3.672
3.632
3.434
3.626
3.942
3.622
3.492
3.578
3.608
3.368
3.838
3.728
3.812
3.332
3.914
3.402
3.65
3.778
3.388
3.818
3.586
3.312
3.246
3.568
3.336
3.37
3.674
3.834
3.47
3.476
3.684
3.238
3.7
3.6
3.864
3.77
3.46
3.78
3.468
3.408
3.662
3.814
3.468
3.538
3.692
3.522
3.912
3.78
3.574
3.916
3.882
3.566
3.998
3.912
3.398
3.4
3.566
3.494
3.516
3.902
2.984
3.718
3.258
3.828
3.352
3.284
3.64
3.534
3.524
3.408
3.488
3.476
3.67
4.066
3.944
3.666
3.416
3.832
3.756
3.562
3.758
3.904
3.518
3.528
3.826
3.394
3.666
3.824
3.532
3.542
3.474
3.44
3.466
3.732
3.498
3.556
3.56
3.438
3.426
3.706
3.654
3.452
3.344
3.312
3.814
3.51
3.97
3.474
3.27
3.614
3.61
3.494
3.442
3.48
3.916
3.8
3.452
3.314
3.876
3.8
3.58
3.72
3.694
3.51
3.632
3.628
3.394
3.476
3.522
3.108
3.712
3.648
3.416
3.698
3.682
3.614
3.502
3.758
3.54
4.118
3.686
3.572
3.752
3.504
3.752
3.616
3.616
3.196
3.708
3.768
3.622
3.634
3.644
3.678
3.636
3.688
3.72
3.654
3.782
3.3
3.242
4.006
3.69
3.72
3.364
3.268
3.662
3.85
3.828
3.45
3.58
3.76
3.228
3.728
3.618
3.976
3.426
3.752
3.612
3.512
3.518
3.612
3.55
3.608
3.166
3.186
3.37
3.388
3.246
3.582
3.674
3.684
3.756
3.592
3.544
3.62
3.348
3.284
3.468
3.618
3.19
3.41
3.764
3.772
3.476
3.64
3.45
3.608
3.938
3.814
3.628
3.776
3.656
3.636
3.798
3.73
3.336
3.354
3.536
3.7
3.284
3.488
3.76
3.548
3.318
3.6
3.402
3.75
3.802
3.542
3.754
3.986
3.334
3.578
3.366
3.736
4.066
3.456
3.424
3.444
3.834
3.53
3.498
3.782
3.648
3.506
3.968
3.332
3.388
3.732
3.624
3.282
3.742
3.344
3.704
3.354
3.746
3.606
3.754
3.694
3.208
3.422
3.716
3.614
3.568
3.494
3.246
3.448
3.472
3.726
3.362
3.42
3.706
3.658
3.6
3.526
3.556
3.842
3.548
3.604
3.464
3.568
3.884
3.49
3.518
3.3
3.464
3.686
3.414
3.862
3.862
3.364
3.348
3.258
4.0
3.828
3.296
3.256
3.156
3.584
3.646
3.904
3.702
3.466
3.522
3.672
3.624
3.54
3.52
3.45
3.472
3.828
3.268
3.396
3.506
3.648
3.522
3.584
3.506
3.484
3.686
3.596
3.452
3.564
3.682
3.188
3.308
3.734
3.84
3.626
3.168
3.438
3.614
3.64
3.57
3.652
3.516
3.426
3.5
3.666
3.726
3.662
3.53
3.92
3.834
3.71
3.752
3.452
3.324
3.368
3.862
3.968
3.634
3.37
3.438
3.37
3.992
3.454
3.466
3.386
3.624
3.498
3.476
3.894
3.69
3.828
3.682
3.7
3.644
3.23
3.538
3.416
3.538
3.946
3.612
3.536
3.62
3.556
3.784
3.988
3.25
3.618
3.71
3.242
3.922
3.34
3.616
3.124
3.722
3.468
3.528
3.452
3.42
3.64
3.654
3.964
3.64
3.768
3.672
3.604
3.804
3.474
3.418
3.348
3.69
3.214
3.444
3.902
3.594
3.712
3.314
3.946
3.692
3.446
3.636
3.758
3.652
3.724
3.638
3.528
3.644
3.528
3.734
3.468
3.688
3.66
3.35
3.414
3.816
3.638
3.404
3.84
3.872
3.904
3.762
3.09
3.48
3.832
3.646
3.682
3.32
3.636
3.464
3.548
3.568
3.708
3.466
3.636
3.666
3.578
3.214
3.544
3.472
3.594
3.796
3.738
3.798
3.654
3.278
3.41
3.244
3.4
3.764
3.386
3.494
3.776
3.582
3.504
3.568
3.384
3.252
3.544
3.596
3.634
3.688
3.546
3.346
3.772
3.466
3.482
3.578
3.856
3.568
4.086
3.798
3.656
3.48
3.442
3.326
2.978
3.598
3.57
4.024
3.816
3.448
3.538
3.55
2.948
3.538
3.722
3.854
3.724
3.284
3.48
3.31
3.528
3.362
3.482
3.724
3.492
3.872
3.62
3.846
3.674
3.92
3.62
3.262
3.658
3.52
3.818
3.578
3.546
3.43
3.794
3.966
3.804
4.336
3.532
3.684
3.832
3.756
3.426
3.596
3.858
3.672
3.902
3.528
4.018
3.936
3.556
3.542
3.302
3.578
3.468
3.554
3.59
3.27
4.028
3.5
3.896
3.57
3.56
3.552
3.444
3.37
3.21
3.426
3.338
3.452
3.8
3.292
3.72
3.696
4.046
3.732
3.816
3.35
3.652
3.604
3.548
3.636
3.698
3.574
3.586
3.344
3.57
3.526
3.646
3.384
3.578
4.004
3.3
3.412
3.434
3.37
3.508
3.526
3.54
3.634
3.324
3.006
3.536
3.858
3.354
3.638
3.774
3.56
3.626
3.468
3.578
3.916
3.582
3.672
3.446
3.526
3.662
3.644
3.688
3.262
3.6
3.31
3.196
3.59
3.668
3.19
3.498
3.542
3.892
3.682
3.51
3.854
3.82
3.456
3.58
3.74
3.606
3.436
3.474
3.796
3.59
3.564
3.754
3.254
3.51
3.482
3.56
3.76
3.748
3.376
3.496
3.624
3.304
4.162
3.636
3.554
3.368
3.422
3.834
3.534
3.408
3.43
3.456
3.572
3.626
3.234
3.738
3.476
3.542
3.692
3.694
3.756
3.732
3.466
3.554
3.782
3.322
3.754
3.524
2.958
3.568
3.414
3.658
3.594
3.39
3.312
3.73
3.576
3.508
3.68
3.71
3.642
3.41
3.382
3.404
3.66
3.602
3.38
3.564
4.076
3.604
3.376
3.564
3.604
3.59
3.824
3.458
3.46
3.378
3.396
3.564
3.724
3.45
3.558
3.752
3.806
3.618
3.71
3.37
3.818
3.878
3.376
3.618
3.374
3.35
3.522
3.438
3.396
3.614
3.79
3.31
3.526
3.436
3.47
3.526
3.404
3.758
3.624
3.472
3.414
3.574
3.816
3.648
3.614
3.786
3.33
3.378
3.638
3.352
3.744
3.46
3.648
3.638
3.316
3.706
3.42
3.316
3.862
3.506
3.818
3.398
3.826
3.836
3.652
3.536
3.628
3.464
3.678
3.382
3.352
3.578
3.508
3.572
3.506
3.358
3.632
3.444
3.724
3.672
3.636
3.79
3.462
3.682
3.58
3.306
3.412
3.736
3.002
3.524
3.416
3.642
3.308
3.204
3.232
3.464
3.638
3.408
3.898
3.272
3.67
3.332
3.308
3.496
3.86
3.42
3.626
3.988
3.496
3.784
3.332
3.562
3.598
3.532
3.676
3.744
3.128
3.418
3.812
3.662
3.34
3.51
3.302
3.834
3.664
3.414
3.782
3.43
3.336
3.452
3.592
3.538
3.668
3.174
3.694
3.782
3.668
3.364
3.602
3.444
3.508
3.406
3.722
3.258
3.694
3.658
3.538
3.69
3.412
3.314
3.744
3.216
3.502
3.396
3.818
3.41
3.286
3.348
3.69
3.71
3.57
3.74
3.538
3.566
4.018
3.21
3.69
3.564
3.696
3.34
2.858
3.59
3.96
3.43
3.996
3.45
3.428
3.688
4.104
3.454
3.58
3.384
3.7
3.502
3.734
3.17
4.054
3.278
4.05
3.258
3.684
4.02
3.772
3.592
3.56
3.302
3.068
3.648
3.58
3.19
3.428
3.594
3.804
3.386
3.214
3.526
3.578
3.552
3.69
3.146
3.708
3.74
3.542
3.904
3.756
3.572
3.682
3.666
3.27
3.17
3.276
3.562
3.704
3.77
3.732
3.37
3.532
3.936
3.634
3.988
2.936
3.632
3.784
3.426
3.252
3.444
3.752
3.68
3.44
3.48
4.112
3.352
3.612
3.624
4.112
3.566
4.096
3.618
3.354
3.654
3.152
3.28
3.378
3.586
3.432
3.506
3.326
3.738
3.294
3.72
3.944
3.61
3.794
3.298
3.526
3.446
3.678
3.576
3.418
3.396
3.546
3.29
3.662
3.592
3.488
3.666
3.484
3.77
3.212
3.732
2.982
3.564
3.612
3.406
3.8
3.27
3.25
3.858
3.624
3.406
3.522
3.57
3.538
3.626
3.69
3.624
3.806
3.44
3.498
3.504
3.806
3.866
3.448
3.602
3.672
3.848
3.75
3.326
3.734
3.552
3.506
2.782
3.454
3.592
3.582
3.642
2.728
3.404
3.88
3.598
3.492
3.366
3.754
3.952
3.656
3.308
3.48
3.596
3.75
3.86
3.566
3.396
3.976
3.256
3.658
3.43
3.498
3.716
3.494
3.894
3.57
3.29
3.676
3.346
3.32
3.674
3.944
3.696
3.318
3.624
3.446
3.582
3.684
3.6
3.512
3.578
3.048
4.08
3.532
3.288
3.76
3.252
3.378
3.766
3.462
3.444
3.684
3.72
3.754
3.662
3.298
3.72
3.574
3.738
3.228
3.462
4.172
3.75
3.532
3.434
3.556
3.676
3.748
3.588
3.888
3.38
3.784
3.422
3.73
3.522
3.626
3.628
3.166
3.5
3.716
3.798
3.462
3.374
3.818
3.572
3.354
3.418
3.616
4.012
3.774
3.766
3.638
3.418
3.828
3.686
3.476
3.17
3.574
3.49
3.748
3.606
3.79
3.168
3.442
3.518
3.328
3.896
3.636
3.43
3.564
3.882
3.956
3.81
3.292
3.392
3.334
3.47
3.596
3.33
3.242
3.572
3.51
3.468
3.968
3.676
3.502
3.436
3.63
3.764
3.598
3.3
3.434
3.646
3.598
3.546
3.542
3.944
3.52
3.762
3.782
3.468
3.58
3.642
3.598
3.758
3.616
3.574
3.702
3.472
3.512
3.69
3.516
3.636
3.974
3.316
3.546
3.216
3.208
3.348
3.434
3.36
3.644
3.892
3.59
3.62
3.438
3.732
3.436
3.596
3.73
3.53
3.602
3.47
3.938
3.284
3.392
3.45
3.718
3.56
3.668
3.776
3.716
3.782
3.502
3.462
3.53
3.37
3.532
3.484
4.088
3.538
3.41
3.492
3.424
3.958
3.912
3.828
3.518
3.608
3.426
3.374
3.53
3.506
3.07
4.068
3.76
3.984
3.968
3.518
3.588
3.722
3.238
3.43
3.734
2.952
3.606
3.382
4.006
3.466
3.454
3.692
3.276
3.418
3.67
3.892
3.418
3.552
3.298
3.462
3.672
3.49
3.55
3.624
3.714
3.698
3.636
3.568
3.546
3.764
3.652
3.87
3.652
3.826
3.76
3.752
3.544
3.392
3.776
3.862
3.528
3.67
3.348
3.8
3.63
3.394
3.744
3.472
3.684
3.332
3.888
3.472
3.444
3.498
3.504
3.988
3.796
3.498
3.606
3.668
3.592
3.9
3.638
3.49
3.384
3.69
3.374
3.624
3.748
3.608
3.424
3.502
3.552
3.718
3.438
3.672
3.592
3.592
3.574
3.564
3.508
3.894
3.538
3.694
3.622
3.756
3.57
3.856
3.858
3.75
3.452
3.336
3.402
3.746
3.496
4.058
3.368
3.962
3.422
3.516
3.226
3.274
3.478
3.778
3.224
3.552
3.602
3.986
3.524
3.646
3.186
3.332
3.674
3.696
3.322
3.736
3.804
3.77
3.714
3.446
3.29
3.496
3.892
3.654
3.538
3.786
3.52
3.78
3.374
3.348
3.362
3.392
3.36
3.396
3.48
3.878
3.52
3.89
3.652
3.572
3.394
3.75
3.3
3.586
3.432
3.816
3.442
3.674
3.532
3.574
3.368
3.886
3.554
3.372
3.68
3.858
3.502
3.584
3.332
3.746
3.304
3.728
3.568
3.344
3.59
3.374
3.398
3.728
3.484
3.756
3.424
3.452
3.64
3.562
3.686
3.406
3.634
3.264
3.828
3.596
3.722
3.606
3.468
3.492
3.382
3.368
3.552
3.81
3.768
3.594
3.716
3.658
3.888
3.732
3.526
3.304
3.098
3.554
3.352
3.628
3.452
3.444
3.698
3.41
3.492
3.49
3.986
3.282
3.636
3.248
3.39
3.394
3.57
3.42
3.87
3.956
3.686
3.566
3.308
3.518
3.564
3.586
3.544
3.554
3.678
3.634
3.528
3.616
3.632
3.672
3.342
3.914
3.902
3.302
3.686
3.782
3.742
3.376
3.622
3.656
3.544
3.68
3.53
3.466
3.32
3.624
3.564
3.858
3.63
3.348
3.458
3.372
3.048
3.414
3.538
3.44
3.482
3.28
3.362
3.826
3.398
3.638
3.64
3.292
3.784
3.694
3.592
3.406
3.258
3.612
3.59
3.662
3.63
3.614
3.712
3.598
3.646
3.776
3.396
3.578
3.614
3.488
3.788
3.574
3.37
3.698
3.468
3.38
3.282
3.844
3.466
3.558
3.598
3.134
3.428
3.368
3.742
3.456
3.394
3.382
3.55
3.458
3.572
3.46
3.348
3.422
3.658
3.564
3.772
3.524
3.196
3.384
3.326
3.386
3.302
3.284
3.846
3.726
3.44
3.576
3.58
3.57
3.732
3.558
3.412
3.494
3.768
3.492
3.854
3.428
3.568
3.122
3.556
3.688
3.406
3.722
3.534
3.45
3.706
3.4
3.794
3.688
3.644
3.592
3.64
3.69
3.404
3.482
3.874
3.494
3.468
3.346
3.522
3.568
3.554
3.724
3.436
3.542
3.622
3.214
3.536
3.918
3.808
3.696
3.706
3.134
3.698
3.348
3.534
3.59
3.37
3.514
3.314
3.548
3.348
3.72
3.908
3.348
3.506
3.94
3.218
3.64
3.628
3.624
3.744
3.556
3.738
3.554
3.858
3.492
3.064
3.546
3.734
3.456
3.598
3.702
3.786
3.55
3.486
3.38
3.642
3.48
3.594
3.758
3.432
3.642
3.752
3.48
3.58
3.446
3.664
3.806
3.484
3.486
3.562
3.552
3.228
3.386
3.6
3.286
3.766
3.414
3.464
3.594
3.552
3.462
3.364
3.672
3.542
3.346
3.58
2.982
3.658
3.644
3.432
3.436
4.0
3.74
3.608
3.26
3.676
3.726
3.866
3.646
3.632
3.708
3.568
3.35
3.492
3.472
3.498
3.608
3.486
3.662
3.65
3.56
3.808
3.684
3.822
3.43
3.28
3.496
3.63
3.738
3.756
3.682
3.972
3.078
3.572
3.472
3.604
3.74
3.336
3.924
3.898
3.754
3.3
3.948
3.486
3.652
3.338
3.776
3.712
3.378
3.708
3.656
3.71
3.438
4.012
3.696
3.716
3.484
3.34
3.472
3.656
3.67
3.538
3.882
3.588
3.69
3.45
3.604
3.602
3.644
3.71
3.566
3.496
3.5
3.162
3.792
3.424
3.774
3.756
3.592
3.756
3.608
3.426
3.554
3.714
3.518
3.602
3.524
3.572
4.278
3.528
3.45
3.228
3.144
3.592
3.16
3.164
3.578
4.108
3.872
3.578
3.582
3.858
3.562
3.258
3.618
3.732
3.712
3.62
3.75
3.818
3.458
3.856
3.4
3.308
3.676
3.462
3.36
3.532
3.172
3.44
3.432
3.944
3.346
3.654
3.614
3.9
3.404
3.454
3.644
3.864
3.624
3.422
3.458
3.542
3.606
3.73
3.776
3.728
3.44
3.572
3.48
3.532
3.564
3.502
3.436
3.594
3.676
3.944
3.908
3.092
3.68
3.598
3.626
3.764
3.472
3.164
3.53
3.402
3.608
3.442
3.574
3.708
3.596
3.662
3.63
3.388
3.354
3.446
3.328
2.904
3.796
3.752
3.654
3.444
3.268
3.56
3.69
3.558
3.776
3.634
3.65
3.464
2.996
3.69
3.458
3.446
3.668
3.52
3.466
3.248
3.124
3.948
3.412
3.376
3.394
3.5
3.292
3.7
3.294
3.876
3.602
3.892
3.736
3.488
3.586
3.482
3.506
3.466
3.684
3.56
3.172
3.482
3.516
3.546
3.588
3.28
4.164
3.82
3.732
3.52
3.552
3.796
3.564
3.438
3.578
3.448
3.342
3.458
3.73
3.316
3.45
3.526
3.46
3.634
3.612
3.654
3.658
3.672
3.824
3.536
3.216
3.6
3.394
3.398
3.524
3.316
3.786
3.274
3.58
3.912
3.364
3.358
3.608
3.61
3.658
3.778
3.454
3.462
3.212
3.546
3.74
3.822
3.786
3.622
3.546
3.5
3.494
3.306
3.452
3.746
3.268
3.71
3.28
3.54
3.556
3.862
3.646
3.772
3.524
3.822
3.81
3.122
3.49
3.528
3.328
3.776
3.474
3.886
3.488
3.476
3.67
3.654
3.486
3.806
3.468
3.276
3.33
3.732
3.024
3.724
3.506
3.736
3.71
3.256
3.634
3.718
3.64
3.614
3.138
3.508
3.678
3.418
3.29
3.826
3.584
3.582
3.596
3.772
3.552
3.58
3.616
3.17
3.34
3.308
3.658
3.396
3.43
3.708
3.404
3.894
3.416
3.784
3.34
3.698
3.756
3.6
3.778
3.786
3.174
3.554
3.51
3.376
3.226
3.792
3.652
3.472
3.59
3.432
3.532
3.578
3.702
3.488
3.466
3.58
3.316
3.392
3.56
3.844
3.712
3.586
3.342
2.94
3.672
3.436
3.38
3.792
3.734
3.53
3.432
3.996
3.567
3.986
3.74
3.874
3.59
3.292
3.174
3.77
3.5
3.67
3.784
3.702
3.674
3.558
3.44
4.04
3.318
3.388
3.286
3.556
3.4
3.864
3.356
3.574
3.614
3.728
3.59
3.402
3.844
3.866
3.918
3.264
3.616
3.386
3.524
3.732
3.494
4.06
3.292
3.52
3.2
3.414
3.52
3.918
3.542
3.506
3.554
3.324
3.448
3.724
3.74
3.968
3.54
3.678
3.374
3.744
3.592
2.97
3.684
3.58
3.212
3.484
3.512
3.438
3.388
3.58
3.648
3.604
3.856
3.716
3.878
3.37
3.766
3.678
3.338
3.524
3.32
3.486
3.628
3.778
3.4
3.842
3.898
3.64
3.958
3.46
3.478
3.72
3.654
3.796
3.668
3.816
3.838
3.758
3.612
3.496
4.106
3.844
3.248
3.748
3.466
3.322
3.19
3.484
3.53
3.53
3.468
3.402
3.616
3.746
3.648
3.522
3.69
3.836
3.574
3.356
3.482
4.144
3.63
3.734
3.776
3.74
3.654
3.934
3.516
3.99
3.344
3.576
3.728
3.692
3.498
3.458
3.708
3.4
3.734
3.86
3.592
3.576
3.322
3.356
3.86
3.676
3.322
3.274
3.534
3.736
3.552
3.562
3.764
3.642
3.466
3.438
3.15
3.59
3.602
4.016
3.634
3.592
3.738
3.532
3.62
3.222
3.454
3.514
3.714
3.598
3.508
3.708
3.402
3.634
3.748
3.758
3.468
3.53
3.728
3.626
4.034
3.764
3.576
3.586
3.428
3.766
3.45
3.368
3.638
3.796
3.832
3.544
3.724
3.522
3.744
3.39
3.58
3.628
3.376
3.57
3.63
3.346
3.482
3.382
3.38
3.558
3.644
4.032
3.59
3.266
3.936
3.474
3.518
3.502
3.29
3.952
3.76
3.574
3.742
3.56
3.388
3.604
3.556
3.48
3.71
3.636
3.486
3.602
3.614
3.69
3.314
3.506
3.09
3.258
3.434
3.692
3.526
3.92
3.806
3.446
3.196
3.49
3.822
3.618
3.66
3.838
3.664
3.76
3.644
3.482
3.854
3.792
3.7
3.696
3.496
3.71
4.07
3.602
3.45
3.556
3.736
3.52
3.45
3.758
3.682
3.508
3.652
3.708
3.516
3.26
3.41
3.686
3.31
3.446
3.534
3.376
3.34
3.884
3.722
3.532
3.602
3.816
3.488
3.75
3.54
3.228
3.918
3.568
3.304
3.75
3.612
3.16
4.228
3.66
3.628
3.378
3.78
3.414
3.41
3.612
3.504
3.61
3.758
3.794
3.592
3.668
3.568
3.566
3.596
3.4
3.888
3.556
3.288
3.796
3.636
3.878
3.444
3.66
3.364
3.324
3.566
3.488
3.83
3.714
3.63
3.454
3.078
3.684
3.202
3.236
3.554
3.574
3.852
3.568
3.678
3.554
3.348
3.266
3.372
3.154
3.6
3.386
3.532
3.678
3.638
3.622
3.79
3.282
3.61
3.332
3.382
3.31
3.452
3.424
3.626
3.258
3.644
3.57
3.65
3.354
3.756
3.468
3.424
3.776
3.778
3.546
3.43
3.636
3.538
3.548
3.816
3.786
3.204
3.382
3.67
3.484
3.224
3.718
3.788
3.388
3.468
3.672
3.712
3.572
3.622
3.624
3.498
3.902
3.578
3.702
3.546
3.678
3.366
3.704
3.474
3.466
3.682
3.932
3.226
3.614
3.862
3.798
3.342
3.484
3.724
