1.28
3.518
3.594
3.224
3.61
3.564
3.902
3.966
3.792
3.85
4.178
3.866
3.672
3.722
3.856
3.936
4.154
3.984
4.046
3.738
3.978
3.124
3.612
3.66
2.856
3.064
3.606
3.608
3.65
4.324
3.698
3.966
3.988
3.812
3.796
3.986
3.942
3.908
3.758
3.634
3.916
4.116
4.052
3.742
3.982
4.18
3.988
4.01
3.936
4.104
3.766
3.92
3.922
3.66
3.662
3.328
3.734
3.874
3.704
3.796
3.942
3.88
3.97
4.15
3.708
4.03
3.906
4.058
3.706
3.79
3.8
4.108
3.65
4.004
4.142
3.97
3.87
3.52
4.012
4.016
3.51
3.202
3.612
3.866
4.096
3.924
3.876
3.936
3.612
3.572
3.692
3.596
3.532
3.738
3.706
4.082
3.696
4.238
3.542
3.94
4.12
3.704
3.666
3.738
3.774
3.632
3.65
3.93
3.77
3.466
3.364
3.806
3.678
3.648
3.994
3.652
3.802
3.988
3.74
4.036
3.576
3.892
4.1
3.774
4.03
4.134
3.848
3.794
3.88
3.642
3.22
4.11
3.984
3.582
3.844
3.696
3.714
3.5
3.824
3.97
4.214
3.586
3.782
3.96
3.932
3.494
3.72
4.154
4.042
3.864
3.582
3.726
3.61
3.914
3.856
3.168
3.834
3.656
4.388
3.726
3.47
3.782
4.012
3.898
4.056
3.76
3.906
3.966
3.918
3.778
3.79
3.786
3.76
4.174
3.688
3.874
4.056
3.72
3.76
3.886
3.7
3.706
3.892
4.144
3.984
3.892
3.806
3.79
3.754
3.92
3.948
4.164
3.986
4.068
3.804
3.41
3.308
4.26
3.874
4.18
3.938
3.96
3.948
4.188
3.7
3.752
3.902
3.912
3.842
4.01
4.344
4.096
3.768
3.83
4.086
3.624
3.764
3.78
3.874
4.074
3.956
3.834
3.942
4.138
3.796
3.69
3.65
4.022
3.86
3.722
3.778
3.73
3.632
4.0
3.62
3.892
3.59
3.728
3.448
3.632
3.452
3.88
3.56
3.812
3.498
3.92
3.936
4.062
3.82
4.162
4.018
3.832
3.396
4.302
4.004
3.68
3.86
3.642
4.064
4.03
3.85
3.876
3.592
3.588
3.934
3.762
4.134
4.256
3.804
3.848
3.908
3.954
3.902
4.014
4.05
3.602
3.882
3.97
3.618
3.98
4.014
3.864
3.87
3.654
3.75
3.804
3.894
3.88
3.904
3.488
4.382
3.624
3.676
3.864
3.904
3.784
4.258
3.818
3.36
3.632
4.0
3.308
3.724
3.74
3.938
4.07
3.816
3.496
4.234
3.894
4.016
3.966
3.81
3.798
3.78
3.964
3.446
3.26
3.544
4.02
3.782
3.914
3.916
3.564
3.702
3.902
3.526
3.576
3.142
3.9
3.686
3.626
3.652
3.912
3.994
3.98
4.042
3.718
3.5
3.958
3.858
4.132
3.804
3.64
3.768
3.936
3.746
3.536
3.44
3.374
3.884
3.852
3.522
4.052
4.336
4.086
3.938
3.894
4.0
3.628
3.78
3.824
3.684
4.108
3.804
3.732
3.878
3.602
3.874
4.074
4.026
3.604
4.044
4.016
3.59
3.874
3.654
3.782
3.686
3.816
3.734
3.522
3.948
3.612
3.7
3.696
3.95
3.964
3.754
3.908
3.346
3.906
3.626
3.624
4.09
3.748
3.776
3.704
3.704
3.806
4.144
4.032
3.712
3.724
4.08
4.084
3.664
3.808
3.878
3.648
3.664
3.644
3.976
4.12
3.77
3.584
3.596
3.728
3.758
3.958
3.954
3.54
3.744
3.862
3.8
3.492
3.796
3.854
3.868
3.788
4.152
3.736
4.134
3.762
4.178
3.946
3.802
3.788
3.794
3.768
3.786
3.556
3.366
3.506
3.876
4.094
3.432
3.944
4.096
3.978
3.442
4.09
3.778
3.834
3.404
3.99
3.984
3.954
3.26
3.752
3.848
3.91
3.804
3.292
3.91
3.932
3.606
3.86
3.802
3.458
3.57
3.442
3.838
3.896
4.22
3.992
3.89
3.958
3.786
3.672
3.658
3.906
4.17
3.572
3.92
4.122
3.568
3.628
4.116
4.002
3.8
3.808
3.988
4.102
4.048
3.698
3.948
3.416
3.986
4.024
3.884
3.716
3.718
3.91
3.272
4.048
4.084
3.856
3.796
3.424
3.82
3.974
4.08
3.94
4.102
3.97
3.598
3.862
4.366
4.024
3.774
3.992
3.892
3.872
3.584
3.674
4.054
3.208
3.888
4.662
3.862
4.054
3.482
3.774
4.04
4.028
4.082
4.092
3.896
3.738
3.658
3.822
3.872
3.69
4.206
3.632
4.072
3.788
3.852
3.976
3.806
4.056
3.998
4.008
4.096
3.76
3.688
3.934
3.778
3.994
4.012
3.492
4.212
4.002
3.77
3.96
3.74
3.724
3.414
3.736
3.584
4.15
3.76
3.822
3.776
3.586
4.112
3.96
3.674
3.778
3.848
3.482
3.778
3.598
3.888
3.942
3.718
3.634
3.934
3.928
3.73
3.932
3.9
4.102
3.758
4.176
3.944
3.636
3.952
3.838
3.384
4.284
3.744
3.666
3.864
3.976
3.8
3.818
4.328
3.228
3.808
3.87
4.004
4.228
3.61
3.63
3.98
3.776
3.74
4.176
4.178
4.086
3.462
4.052
3.564
3.684
3.69
4.322
3.646
3.858
3.874
3.69
3.724
3.556
3.49
3.71
3.722
3.958
3.966
4.432
3.852
3.774
3.786
4.076
3.728
3.564
3.776
3.568
3.844
3.56
3.494
3.758
4.046
3.87
3.47
4.266
4.09
3.92
3.606
4.106
3.594
3.818
3.79
3.71
3.81
3.716
4.052
3.936
3.756
4.166
3.706
4.144
4.07
3.582
3.82
3.72
3.788
3.526
3.788
3.898
3.89
3.896
3.986
3.648
3.628
3.7
3.874
3.928
3.77
3.694
3.78
3.646
3.354
3.696
3.806
3.952
3.654
3.91
3.05
3.838
3.612
3.998
4.068
4.026
3.052
3.516
4.038
3.862
3.962
3.9
3.778
4.024
3.596
3.892
3.842
3.996
3.636
3.79
3.46
3.536
3.528
3.614
3.642
3.762
3.61
3.498
3.732
3.99
3.72
4.03
3.886
3.762
3.68
3.888
4.314
3.87
3.712
3.556
3.582
3.766
3.62
3.748
3.994
4.084
4.1
3.728
3.824
3.696
4.016
3.89
3.792
4.018
3.73
3.284
4.126
3.674
3.562
4.07
4.074
3.364
3.886
4.044
3.63
4.076
3.974
4.134
3.9
3.838
3.768
3.906
4.13
3.88
3.684
3.752
4.176
3.924
3.856
3.9
3.96
3.892
3.922
3.416
3.808
3.854
3.572
3.682
4.414
3.384
4.292
3.624
4.018
3.594
4.036
4.05
3.75
3.876
4.03
4.088
3.604
3.974
3.842
3.456
3.688
4.088
3.816
4.002
3.542
3.298
3.564
3.872
3.87
4.012
2.936
3.974
4.094
3.598
3.792
3.936
3.968
3.908
4.136
3.522
3.86
3.87
4.114
3.958
3.774
3.784
3.608
3.836
3.828
3.738
3.854
3.94
3.738
4.106
3.87
3.76
3.758
3.674
3.956
3.566
4.082
3.686
3.888
3.652
3.74
4.048
3.304
3.146
3.616
3.638
3.884
3.694
3.92
3.826
3.554
3.56
3.6
3.736
3.906
4.032
3.896
3.926
3.886
3.736
3.856
3.698
3.884
3.584
4.142
4.03
3.964
4.192
3.668
3.932
3.996
3.722
4.008
3.88
3.914
3.942
3.828
4.234
3.802
3.628
3.766
3.808
3.826
3.676
3.786
3.626
3.712
3.778
4.056
3.85
3.496
3.802
4.08
3.996
3.484
3.91
3.756
3.832
4.144
3.836
3.868
3.812
3.78
3.874
3.864
3.63
3.844
3.464
3.606
3.81
3.952
3.982
3.696
3.672
3.866
3.818
3.868
3.854
4.092
3.816
4.014
4.162
3.834
3.696
3.706
3.77
3.538
4.07
3.836
3.604
3.806
3.598
3.718
3.364
4.072
3.638
3.66
3.666
3.73
3.738
3.374
3.872
3.71
3.922
3.91
4.088
3.978
3.988
3.584
3.87
3.432
3.916
3.716
3.626
3.82
4.058
3.514
3.6
4.088
3.488
4.002
3.824
3.598
3.924
3.522
3.69
3.688
3.938
3.79
3.506
3.688
3.664
3.652
4.036
3.734
3.864
3.968
3.792
3.768
3.822
3.626
3.624
3.272
3.862
3.924
4.006
3.946
3.766
3.83
3.962
3.796
3.918
3.796
4.04
4.286
4.02
3.702
3.606
3.786
3.868
3.8
3.988
4.128
3.942
4.0
3.816
3.786
3.79
3.906
3.906
3.782
3.746
3.626
3.856
4.006
3.942
3.76
4.074
3.24
3.85
3.954
3.546
3.89
3.334
3.596
4.29
3.552
3.536
4.18
3.576
4.106
3.618
3.75
3.742
3.81
3.76
3.71
3.996
3.682
3.632
3.61
3.782
3.628
3.88
3.846
3.988
3.444
3.94
4.212
4.146
3.464
3.832
3.78
3.562
3.684
3.792
3.594
3.638
3.92
3.35
3.918
3.818
3.62
3.778
3.74
3.884
3.886
3.598
4.028
4.058
3.718
3.666
3.884
3.852
3.916
3.734
3.692
3.774
4.27
3.77
3.664
3.758
3.506
3.886
3.632
3.854
4.184
3.762
4.06
4.146
3.768
3.956
3.914
3.986
3.878
4.202
4.228
3.836
3.742
3.81
3.848
3.484
3.8
3.592
3.798
3.462
3.666
3.568
3.87
3.664
3.6
3.494
4.044
3.768
4.326
3.436
4.212
3.854
4.16
3.452
3.924
3.984
3.846
3.788
3.954
3.952
3.762
3.48
4.02
3.896
3.504
3.982
3.706
3.848
3.752
3.702
3.476
3.828
3.418
3.918
3.612
3.874
3.89
3.676
3.898
3.944
3.86
3.652
3.694
3.52
3.696
3.984
3.826
3.784
3.888
3.912
3.682
3.816
3.708
3.626
3.674
3.642
4.308
3.844
3.512
3.844
3.66
3.904
3.722
3.83
3.968
3.858
3.718
3.79
3.672
3.932
3.864
3.702
3.982
3.926
3.536
3.844
3.658
3.752
3.86
3.296
3.27
4.296
3.886
3.972
4.204
3.974
3.624
3.712
4.124
3.856
3.618
4.124
4.122
4.16
3.782
3.952
4.02
3.564
3.88
3.588
3.776
3.788
4.01
4.326
4.054
4.09
3.744
3.716
3.682
3.778
3.92
3.92
4.12
3.558
3.73
3.78
3.87
3.63
4.064
4.15
3.936
3.926
3.916
3.86
3.626
3.822
3.692
3.62
3.998
4.346
3.82
3.722
3.828
3.918
3.494
3.686
3.88
4.026
3.736
4.05
4.01
3.84
3.844
3.248
3.356
3.664
4.158
4.02
3.606
3.866
3.892
3.942
4.0
3.77
3.704
4.35
3.844
3.692
3.894
3.728
3.942
3.672
3.674
4.036
4.018
3.958
4.026
3.818
3.626
3.986
3.83
3.89
3.826
4.078
3.654
3.868
3.426
3.604
3.67
3.724
3.99
3.936
4.084
3.656
3.696
3.722
3.736
4.412
4.07
3.688
3.696
4.126
3.716
3.712
3.41
3.8
3.832
3.698
4.096
3.71
3.67
3.452
3.99
3.988
3.944
3.828
3.556
3.606
3.804
4.064
3.968
3.146
3.85
3.916
3.946
3.714
3.932
3.066
3.998
3.938
3.554
3.866
4.226
3.954
3.784
3.76
3.898
3.944
3.994
3.746
4.064
3.95
3.132
3.91
3.364
3.432
3.698
3.852
3.902
3.792
3.956
4.15
4.152
3.986
3.252
3.408
3.934
3.644
3.88
3.944
3.814
3.376
3.736
3.67
3.908
3.546
3.676
3.946
3.46
3.688
3.766
3.866
3.8
3.806
3.854
3.94
3.644
4.066
3.492
3.95
3.57
3.716
3.898
3.78
3.87
3.71
4.008
4.05
3.706
3.788
3.754
3.722
4.212
3.834
3.866
3.766
3.552
3.696
3.996
3.746
3.716
3.55
3.894
4.216
4.152
3.888
3.51
3.67
4.088
3.566
4.406
3.792
3.674
3.672
3.786
3.822
3.606
4.022
3.454
3.558
3.662
3.854
3.79
4.022
3.734
4.12
3.926
4.008
4.094
3.55
3.806
3.766
3.376
3.62
3.708
3.942
3.79
3.772
3.39
3.922
3.994
3.638
3.986
3.866
3.934
3.918
4.114
4.044
3.968
3.714
3.908
3.836
3.72
3.478
3.424
3.71
4.032
4.35
3.736
3.712
3.854
4.08
4.03
3.886
4.102
3.444
3.81
3.68
4.076
3.838
4.084
3.71
3.64
4.006
3.854
3.822
3.904
3.616
3.896
3.906
3.954
4.08
3.754
3.698
3.972
4.152
3.87
3.72
3.344
3.566
3.364
3.762
3.508
3.85
3.742
3.904
3.818
3.898
3.87
4.11
3.426
4.23
3.912
3.874
4.05
3.888
3.772
4.006
4.286
3.712
3.874
4.158
3.77
4.438
4.012
3.79
3.874
3.716
3.392
3.954
3.782
3.962
3.812
3.828
3.94
3.98
4.008
3.732
3.796
3.606
3.938
3.594
4.086
3.652
3.984
3.626
3.876
4.076
3.626
4.106
4.264
3.928
3.768
3.09
3.896
3.736
3.8
3.536
3.908
3.98
3.944
3.726
3.474
3.976
3.746
3.908
4.204
3.728
4.348
3.932
4.042
3.94
3.76
3.868
3.596
3.96
3.664
3.534
3.6
3.6
3.816
4.014
3.718
3.838
3.766
4.006
3.37
3.642
3.764
3.642
3.568
3.432
3.658
3.802
3.91
3.846
3.856
3.886
3.848
3.976
4.028
3.82
3.838
3.886
4.008
4.074
4.264
3.892
3.936
4.01
3.664
4.026
3.558
4.034
3.696
3.716
